1 0.097 0.063
2 0.2595 0.025
3 0.3935 0.032
4 0.467 0.041
5 0.7505 0.052
6 0.834 0.0535
7 0.9245 0.0375
8 0.07 0.1355
9 0.1455 0.1335
10 0.346 0.121
11 0.3955 0.1175
12 0.4365 0.1105
13 0.5205 0.12
14 0.6045 0.088
15 0.675 0.0815
16 0.768 0.1185
17 0.9135 0.1525
18 0.0375 0.176
19 0.1035 0.1855
20 0.185 0.159
21 0.271 0.1975
22 0.404 0.2105
23 0.466 0.1665
24 0.574 0.1595
25 0.6175 0.174
26 0.6825 0.118
27 0.6885 0.159
28 0.7225 0.1505
29 0.832 0.1755
30 0.973 0.184
31 0.0585 0.211
32 0.15 0.237
33 0.228 0.2135
34 0.3495 0.2315
35 0.4235 0.2585
36 0.452 0.2565
37 0.494 0.2055
38 0.597 0.214
39 0.6465 0.2025
40 0.7095 0.2315
41 0.7395 0.2185
42 0.9155 0.2295
43 0.016 0.2615
44 0.1105 0.283
45 0.184 0.2955
46 0.2385 0.2745
47 0.2975 0.25
48 0.3695 0.2955
49 0.4755 0.2985
50 0.5305 0.2615
51 0.6195 0.2545
52 0.6715 0.239
53 0.7195 0.2765
54 0.755 0.2645
55 0.8415 0.267
56 0.9485 0.284
57 0.0585 0.315
58 0.136 0.3195
59 0.1565 0.339
60 0.198 0.337
61 0.255 0.349
62 0.2955 0.3375
63 0.3765 0.3735
64 0.4225 0.3565
65 0.47 0.347
66 0.497 0.3415
67 0.5655 0.3195
68 0.638 0.317
69 0.6905 0.3
70 0.755 0.3215
71 0.8295 0.321
72 0.8985 0.322
73 0.047 0.358
74 0.081 0.3985
75 0.124 0.3815
76 0.1845 0.3755
77 0.2135 0.4115
78 0.27 0.4055
79 0.3045 0.394
80 0.3885 0.416
81 0.46 0.433
82 0.4855 0.4105
83 0.5445 0.3835
84 0.6095 0.3475
85 0.6355 0.3635
86 0.702 0.3825
87 0.76 0.3875
88 0.789 0.4035
89 0.8265 0.3865
90 0.8715 0.3875
91 0.944 0.3705
92 0.0205 0.436
93 0.0295 0.465
94 0.0835 0.4475
95 0.116 0.44
96 0.255 0.481
97 0.292 0.468
98 0.3295 0.4505
99 0.368 0.4455
100 0.4395 0.4665
101 0.5 0.4415
102 0.585 0.398
103 0.6415 0.395
104 0.699 0.4215
105 0.853 0.4365
106 0.9075 0.4515
107 0.962 0.4605
109 0.3045 0.54
110 0.367 0.482
111 0.3795 0.514
112 0.399 0.4955
113 0.4615 0.5095
114 0.514 0.491
115 0.5825 0.4545
116 0.701 0.5075
117 0.781 0.5385
118 0.8385 0.513
119 0.933 0.5665
120 0.022 0.6295
121 0.0575 0.632
122 0.1065 0.6245
123 0.2305 0.6115
124 0.2995 0.5865
125 0.42 0.549
126 0.548 0.5175
127 0.628 0.5465
128 0.702 0.5645
129 0.776 0.5765
130 0.4055 0.601
131 0.4315 0.577
132 0.52 0.5545
133 0.591 0.623
134 0.658 0.5925
135 0.7985 0.6025
136 0.919 0.6575
137 0.2025 0.663
138 0.325 0.635
139 0.3975 0.639
140 0.5185 0.6205
141 0.6235 0.6355
142 0.6965 0.6485
143 0.77 0.638
144 0.036 0.744
145 0.075 0.735
146 0.1175 0.73
147 0.159 0.716
148 0.205 0.7055
149 0.246 0.7005
150 0.288 0.6835
151 0.3155 0.7085
152 0.349 0.6655
153 0.3645 0.7025
154 0.4475 0.675
155 0.468 0.727
156 0.528 0.7265
157 0.568 0.73
158 0.644 0.6925
159 0.7455 0.712
160 0.793 0.7245
161 0.8675 0.72
162 0.9585 0.717
163 0.1095 0.7605
164 0.1555 0.7615
165 0.2615 0.7755
166 0.345 0.75
167 0.4245 0.7635
168 0.4485 0.7885
169 0.5265 0.7785
170 0.5685 0.7695
171 0.653 0.818
172 0.716 0.78
173 0.8255 0.812
174 0.9075 0.775
175 0.948 0.8185
176 0.019 0.82
177 0.063 0.808
178 0.1365 0.794
179 0.219 0.812
180 0.2705 0.825
181 0.3205 0.804
182 0.3425 0.815
183 0.396 0.7825
184 0.4935 0.8285
185 0.549 0.871
186 0.604 0.86
187 0.678 0.8665
188 0.777 0.855
189 0.066 0.889
190 0.106 0.9215
191 0.1745 0.8625
192 0.179 0.937
193 0.309 0.862
194 0.3245 0.8805
195 0.363 0.8815
196 0.4225 0.8425
197 0.433 0.8925
198 0.6445 0.935
199 0.791 0.9505
200 0.8545 0.9055
